9787900451477
9787115154415
9787122140784
9787122170927
9787122287793
9787201054858
9787206076367
9787212062972
9787218053448
9787221091697
9787221091741
9787221091758
9787221091772
9787221091819
9787221091833
9787221091840
9787221091918
9787221091925
9787221093790
9787222082496
9787304070908
9787500085812
9787500091660
9787500091721
9787500794479
9787500794486
9787500794646
9787500794660
9787500836582
9787502048457
9787505609990
9787505610026
9787505610033
9787510011276
9787510448256
9787510448317
9787511026156
9787511215079
9787511216847
9787513306348
9787513312998
9787513317504
9787513525589
9787513707718
9787514502503
9787514504125
9787514804287
9787514828825
9787515312422
9787520000376
9787520200233
9787530123416
9787530123492
9787530123522
9787530123553
9787530123591
9787530125342
9787530125380
9787530130643
9787530135518
9787530135525
9787530141854
9787530145975
9787530431672
9787530437841
9787530670095
9787530746479
9787530749913
9787530749920
9787530750544
9787530750940
9787530750995
9787530751015
9787530751183
9787530752043
9787530752722
9787530755747
9787530760048
9787530760277
9787531204732
9787531334101
9787531827221
9787532007691
9787532763078
9787533221614
9787533251406
9787533251413
9787533257798
9787533259389
9787533259556
9787533259563
9787533259594
9787533259631
9787533259648
9787533269005
9787533274252
9787533669720
9787534264160
9787534264177
9787534264184
9787534266737
9787534267901
9787534268885
9787534272516
9787534273124
9787534273186
9787534273216
9787534276484
9787534279065
9787534279072
9787534411809
9787534658822
9787534661327
9787535039972
9787535063052
9787535154910
9787535825780
9787535830319
9787535836786
9787535836885
9787535836892
9787535836922
9787535868893
9787537159791
9787537406314
9787537656399
9787537671798
9787538361124
9787538547993
9787538624960
9787538630442
9787539034782
9787539130194
9787539130231
9787539135182
9787539137803
9787539149264
9787539155043
9787539165479
9787539174136
9787539174150
9787539179803
9787539179810
9787539179834
9787539183091
9787539185088
9787539186849
9787539186900
9787539186917
9787539186948
9787539186955
9787539188706
9787539189130
9787539194516
9787539196107
9787539419770
9787539421438
9787539422572
9787539447711
9787539525471
9787539531434
9787539758947
9787539771953
9787540539146
9787540542184
9787540542191
9787540543495
9787540543501
9787540553630
9787541452000
9787541743009
9787542418906
9787542740700
9787543464568
9787543464636
9787543468894
9787543470781
9787543470941
9787543473621
9787543480568
9787544246637
9787544247108
9787544248648
9787544262194
9787544265805
9787544268486
9787544808125
9787544808231
9787544816731
9787544816748
9787544823890
9787544823906
9787544824224
9787544824231
9787544851077
9787544851282
9787544851299
9787544904872
9787546337623
9787546337630
